4
0 10 15 20
10 0 35 25
15 35 0 30
20 25 30 0
===
4
0 29 20 21
29 0 15 17
20 15 0 28
21 17 28 0
===
5
0 2 9 10 1
1 0 6 4 1
15 7 0 8 1
6 3 12 0 1
10 4 8 6 0
===
5
0 3 4 2 7
3 0 4 6 3
4 4 0 5 8
2 6 5 0 6
7 3 8 6 0
===
6
0 5 10 15 20 25
5 0 9 10 15 20
10 9 0 8 13 18
15 10 8 0 12 17
20 15 13 12 0 6
25 20 18 17 6 0
===
3
0 1 15
1 0 10
15 10 0
===
3
0 2 3
2 0 1
3 1 0
===
5
0 1 100 100 1
1 0 1 100 100
100 1 0 1 100
100 100 1 0 1
1 100 100 1 0
===
5
0 1 2 3 4
1 0 2 3 4
2 2 0 1 1
3 3 1 0 2
4 4 1 2 0
===
4
0 1 1 1
1 0 1 1
1 1 0 1
1 1 1 0
===